name: rfpy
channels:
  - conda-forge
  - intel
  - defaults
dependencies:
  - backcall=0.2.0
  - backports=1.0
  - backports.functools_lru_cache=1.6.4
  - ca-certificates=2020.12.5
  - certifi=2020.12.5
  - colorama=0.4.4
  - common_cmplr_lib_rt=2021.1.2
  - common_cmplr_lic_rt=2021.1.2
  - cython=0.29.21
  - dpcpp_cpp_rt=2021.1.2
  - icc_rt=2021.1.2
  - intel-openmp=2021.1.2
  - intelpython=2021.1.1
  - ipython_genutils=0.2.0
  - jedi=0.18.0
  - libpython=2.1
  - line_profiler=3.1.0
  - m2w64-binutils=2.25.1
  - m2w64-bzip2=1.0.6
  - m2w64-crt-git=5.0.0.4636.2595836
  - m2w64-gcc=5.3.0
  - m2w64-gcc-ada=5.3.0
  - m2w64-gcc-fortran=5.3.0
  - m2w64-gcc-libgfortran=5.3.0
  - m2w64-gcc-libs=5.3.0
  - m2w64-gcc-libs-core=5.3.0
  - m2w64-gcc-objc=5.3.0
  - m2w64-gmp=6.1.0
  - m2w64-headers-git=5.0.0.4636.c0ad18a
  - m2w64-isl=0.16.1
  - m2w64-libiconv=1.14
  - m2w64-libmangle-git=5.0.0.4509.2e5a9a2
  - m2w64-libwinpthread-git=5.0.0.4634.697f757
  - m2w64-make=4.1.2351.a80a8b8
  - m2w64-mpc=1.0.3
  - m2w64-mpfr=3.1.4
  - m2w64-pkg-config=0.29.1
  - m2w64-toolchain=5.3.0
  - m2w64-tools-git=5.0.0.4592.90b8472
  - m2w64-windows-default-manifest=6.4
  - m2w64-winpthreads-git=5.0.0.4634.697f757
  - m2w64-zlib=1.2.8
  - mkl=2021.1.1
  - mkl-service=2.3.0
  - mkl_fft=1.2.0
  - mkl_random=1.2.0
  - mkl_umath=0.1.0
  - msys2-conda-epoch=20160418
  - numpy=1.19.2
  - numpy-base=1.19.2
  - opencl_rt=2021.1.2
  - openssl=1.1.1k
  - pandas=1.1.2
  - pickleshare=0.7.5
  - pip=20.2.3
  - python=3.7.9
  - python-dateutil=2.8.1
  - python_abi=3.7
  - pytz=2020.1
  - setuptools=50.3.2
  - six=1.15.0
  - sqlite=3.33.0
  - tbb=2021.1.1
  - tbb4py=2021.1.1
  - tqdm=4.59.0
  - traitlets=5.0.5
  - vc=14.1
  - vs2015_runtime=14.16.27012
  - wcwidth=0.2.5
  - wheel=0.35.1
  - wincertstore=0.2
  - pip:
    - appdirs==1.4.4
    - argon2-cffi==20.1.0
    - attrs==20.3.0
    - black==21.5b1
    - bleach==3.3.0
    - cffi==1.14.5
    - chardet==4.0.0
    - click==7.1.2
    - commonmark==0.9.1
    - confuse==1.4.0
    - cycler==0.10.0
    - decorator==4.4.2
    - defusedxml==0.7.0
    - entrypoints==0.3
    - et-xmlfile==1.1.0
    - fastcore==1.3.19
    - fastrelease==0.1.11
    - feather-format==0.4.1
    - ghapi==0.1.16
    - htmlmin==0.1.12
    - idna==2.10
    - imagehash==4.2.0
    - importlib-metadata==3.7.0
    - ipykernel==5.5.0
    - ipython==7.21.0
    - ipython-genutils==0.2.0
    - ipywidgets==7.6.3
    - jinja2==2.11.3
    - joblib==1.0.1
    - jsonschema==3.2.0
    - jupyter==1.0.0
    - jupyter-client==6.1.11
    - jupyter-console==6.2.0
    - jupyter-core==4.7.1
    - jupyterlab-widgets==1.0.0
    - kiwisolver==1.3.1
    - loguru==0.5.3
    - markupsafe==1.1.1
    - matplotlib==3.4.1
    - missingno==0.4.2
    - mistune==0.8.4
    - mypy==0.812
    - mypy-extensions==0.4.3
    - nbconvert==5.6.1
    - nbdev==1.1.13
    - nbformat==5.1.2
    - networkx==2.5.1
    - notebook==6.2.0
    - openpyxl==3.0.7
    - packaging==20.9
    - pandas-profiling==2.12.0
    - pandocfilters==1.4.3
    - parso==0.8.1
    - pathspec==0.8.1
    - phik==0.11.2
    - pillow==8.2.0
    - prometheus-client==0.9.0
    - prompt-toolkit==3.0.16
    - pyarrow==3.0.0
    - pycparser==2.20
    - pygments==2.8.0
    - pyparsing==2.4.7
    - pyrsistent==0.17.3
    - pywavelets==1.1.1
    - pywin32==300
    - pywinpty==0.5.7
    - pyyaml==5.4.1
    - pyzmq==22.0.3
    - qtconsole==5.0.2
    - qtpy==1.9.0
    - regex==2021.4.4
    - requests==2.25.1
    - rich==10.1.0
    - scipy==1.6.3
    - seaborn==0.11.1
    - send2trash==1.5.0
    - tangled-up-in-unicode==0.0.7
    - terminado==0.9.2
    - testpath==0.4.4
    - toml==0.10.2
    - tornado==6.1
    - typed-ast==1.4.3
    - typing-extensions==3.7.4.3
    - urllib3==1.26.4
    - visions==0.6.0
    - webencodings==0.5.1
    - widgetsnbextension==3.5.1
    - win32-setctime==1.0.3
    - zipp==3.4.1
prefix: C:\Users\rsilva\Miniconda3\envs\rfpy
